,activtrak,aftership,aha,aircall,algolia,amplitude,anaconda,anyword,appfollow,asana,assemblyai,atlassian,avoma,awskendra,blameless,botpress,box,breezy,buffer,canva,caspio,clarifai,cledara,clevertap,clickup,codecademy,cohere,constantcontact,coschedule,couchbase,databricks,deel,deepbrain,deepgram,edenai,elementor,employment-hero,evernote,flatfile,getresponse,getshogun,github,goto,grammarly,harness,hive,hiverhq,hootsuite,huggingface,izea,learnworlds,logicmonitor,logrocket,lokalise,madgicx,mailchimp,manatal,mixmax,mongodb,oneplan,openai,otter,pagerduty,pardot,pinecone,pipedrive,podium,postman,reply,resemble,salesloft,scratchpad,semrush,slack,smarterqueue,uizard,veed,voiceflow,workable,wrike,zenhub,ziprecruiter,zoho-recruit
activtrak,1.0,0.59413886,0.6667015,0.46763903,0.5679604,0.446822,0.5245007,0.5569674,0.4205402,0.64548415,0.5888475,0.52592206,0.6241332,0.49959517,0.534951,0.486813,0.45087597,0.61511546,0.6279286,0.44667366,0.58883786,0.5339273,0.4143625,0.6239215,0.7313236,0.6105901,0.59909177,0.44335806,0.6757088,0.5450264,0.5187803,0.5779828,0.6580633,0.48516622,0.5045308,0.4790197,0.3861764,0.58817357,0.4044895,0.35595387,0.517137,0.52176464,0.5594711,0.35942483,0.7131198,0.5601442,0.4649114,0.50507593,0.63058126,0.6392617,0.57571936,0.5758955,0.6063725,0.5911704,0.5912065,0.33631665,0.4424773,0.4960621,0.44459215,0.13274804,0.3706345,0.5899862,0.71120584,0.41351378,0.6756829,0.4229619,0.6133629,0.5597982,0.6134147,0.51349354,0.5109886,0.65050817,0.54778314,0.56142557,0.6250888,0.6668165,0.5601747,0.6208167,0.64704597,0.4902895,0.50617003,0.5874732,0.5827727
aftership,0.59413886,0.9999999,0.69973326,0.46489632,0.63642037,0.5243467,0.5587472,0.66711557,0.55959505,0.57271314,0.6737965,0.5577718,0.5267806,0.40626734,0.53639114,0.5260164,0.48461646,0.74011075,0.60590196,0.46963197,0.4703189,0.57927406,0.4842838,0.7573381,0.6712577,0.54262197,0.50078034,0.6058829,0.5431889,0.50715554,0.46544254,0.56258875,0.5914132,0.323431,0.6626246,0.4430557,0.48519656,0.5542714,0.49748623,0.46390873,0.4302962,0.4540203,0.6438378,0.46675545,0.59016395,0.54803646,0.4602179,0.60792387,0.639765,0.6455118,0.53705055,0.4895337,0.64383745,0.6097292,0.5700635,0.33022156,0.46860087,0.49662495,0.39314872,0.19831988,0.3328964,0.5934749,0.71479005,0.28828973,0.48156387,0.48597312,0.543795,0.619295,0.7436503,0.51712596,0.62560904,0.7077308,0.65156186,0.63848686,0.47927243,0.6538173,0.5828935,0.5735792,0.66177714,0.6944507,0.47434303,0.6433302,0.6118742
aha,0.6667015,0.69973326,1.0,0.47378245,0.6440628,0.547078,0.60133445,0.66697943,0.5258508,0.6367487,0.56843686,0.59288925,0.59666777,0.48140496,0.5181992,0.55632377,0.5250481,0.7633929,0.6052202,0.5069652,0.51448,0.5982421,0.44568196,0.7210729,0.7507621,0.5387566,0.5651729,0.4849312,0.52188367,0.5325239,0.56823725,0.64577097,0.626292,0.44655007,0.6120237,0.45802754,0.5517254,0.544168,0.51853085,0.4358005,0.5331112,0.48639658,0.6225741,0.46865985,0.60112333,0.57136106,0.54045004,0.5114301,0.60597646,0.64290583,0.60012734,0.5110287,0.6244136,0.65518755,0.58578503,0.33210218,0.41682488,0.51820135,0.37230933,0.14637864,0.38610882,0.62935966,0.62261665,0.33029777,0.5261308,0.5419375,0.6058181,0.5671371,0.62247777,0.51895213,0.5941169,0.67518437,0.64678526,0.68908775,0.46950674,0.66542923,0.63577634,0.5917965,0.66405374,0.59941614,0.5371709,0.56139505,0.60827816
aircall,0.46763903,0.46489632,0.47378245,1.0000005,0.5412007,0.4338284,0.4174776,0.5187651,0.56927264,0.41134152,0.5334858,0.51877,0.43446139,0.32640484,0.46339118,0.536875,0.44149458,0.518757,0.4525899,0.3647443,0.3918801,0.4134946,0.4898194,0.54273665,0.46717614,0.4731696,0.44300526,0.41578794,0.4556083,0.27850652,0.36902457,0.43023014,0.45739627,0.25686246,0.4339214,0.35974813,0.43179563,0.47968835,0.48691487,0.43603426,0.3309694,0.27698198,0.536738,0.4159307,0.36777171,0.4927715,0.36300343,0.45300686,0.48662978,0.49688792,0.4696274,0.33404934,0.54519093,0.5986037,0.5637473,0.25757712,0.4049757,0.37445286,0.19592197,0.13412444,0.33382607,0.46739683,0.46752158,0.22331652,0.39641255,0.437878,0.4820739,0.309443,0.43285584,0.38655823,0.5771986,0.482037,0.5993422,0.4742869,0.40656507,0.55087256,0.35710442,0.47601062,0.48706686,0.5382257,0.30341244,0.5536591,0.55100894
algolia,0.5679604,0.63642037,0.6440628,0.5412007,1.0,0.43915987,0.5709145,0.64726,0.5144914,0.55095434,0.574898,0.53280073,0.54400426,0.462869,0.49101266,0.530173,0.43990895,0.63586557,0.54437673,0.40522146,0.53703195,0.54533535,0.5293368,0.6775416,0.6450401,0.5666983,0.5083313,0.4972294,0.5008769,0.44601458,0.46465296,0.5569712,0.51175535,0.402259,0.55233157,0.55088156,0.43293154,0.5053881,0.4194743,0.47524583,0.41710886,0.46985155,0.635905,0.43466303,0.48063046,0.5179776,0.50983304,0.50150377,0.5348656,0.55603987,0.52802455,0.4311692,0.5637817,0.61485046,0.56752104,0.40926212,0.49576315,0.4740206,0.3706385,0.07366177,0.37141812,0.5158689,0.5933702,0.29753864,0.50882673,0.51529574,0.5375242,0.5400146,0.61661243,0.4120654,0.6336709,0.5789316,0.6175755,0.570166,0.409273,0.58662534,0.5482619,0.49260026,0.568702,0.63425756,0.4998023,0.5549408,0.58163685
amplitude,0.446822,0.5243467,0.547078,0.4338284,0.43915987,1.0000001,0.4459989,0.5116749,0.37604472,0.44021767,0.47863215,0.346923,0.43973863,0.32421505,0.38135007,0.41657892,0.3769322,0.53571594,0.5077958,0.41956943,0.34680784,0.41350383,0.3704287,0.54589504,0.48811656,0.49205858,0.42217383,0.40010166,0.3768069,0.28925562,0.3775731,0.3905357,0.5056251,0.2859913,0.47295377,0.3187769,0.3716671,0.48025936,0.37257555,0.38901523,0.4360118,0.34361562,0.44717407,0.38854825,0.43806636,0.4628402,0.39739633,0.42044938,0.41273892,0.40910405,0.45486158,0.41293404,0.4658014,0.45777076,0.4784522,0.27370596,0.34339756,0.34998173,0.2112408,0.12102436,0.2717243,0.48408222,0.43249816,0.28240982,0.35045952,0.4512842,0.46860683,0.3969939,0.46989357,0.43812352,0.5139746,0.49287415,0.5349391,0.50804114,0.24761981,0.4774689,0.43447137,0.44658953,0.46276128,0.50432074,0.36323327,0.42818528,0.46592712
anaconda,0.5245007,0.5587472,0.60133445,0.4174776,0.5709145,0.4459989,1.0000002,0.6193108,0.43053612,0.53983307,0.58020675,0.47156167,0.52708215,0.45069206,0.4507333,0.49875706,0.47881973,0.57280326,0.6379567,0.47784197,0.52981323,0.56849635,0.47051725,0.61803865,0.5653479,0.5007632,0.6129756,0.41468287,0.496194,0.40698653,0.5253545,0.5240289,0.48768508,0.37088278,0.57519025,0.42020023,0.385059,0.38382274,0.47305614,0.38197857,0.4241829,0.45394906,0.47055107,0.42060483,0.5297531,0.5561508,0.51391006,0.47101927,0.45417818,0.53884184,0.55900466,0.47425014,0.5092583,0.51963127,0.57128584,0.35741794,0.41651708,0.42586845,0.3375194,0.21350262,0.3872968,0.49547502,0.5660683,0.33144975,0.51281625,0.43946224,0.47945195,0.56174576,0.5983543,0.39970303,0.53480107,0.57558745,0.5025951,0.54495883,0.39686826,0.55845386,0.6201854,0.47132546,0.546461,0.521554,0.48897642,0.5110213,0.4770779
anyword,0.5569674,0.66711557,0.66697943,0.5187651,0.64726,0.5116749,0.6193108,1.0000001,0.5839117,0.56084526,0.68537724,0.5939125,0.6179558,0.5286007,0.64746344,0.6969686,0.58238953,0.7347163,0.67933863,0.5848537,0.56528294,0.6321663,0.6112826,0.768394,0.71349704,0.61322653,0.67345047,0.58879423,0.5939326,0.49179918,0.61224604,0.6691617,0.5872934,0.42605212,0.70664203,0.5170547,0.491835,0.5873704,0.6265031,0.5916977,0.510566,0.6083592,0.70386744,0.5236576,0.5469918,0.6554736,0.61382365,0.5652914,0.5663033,0.5817797,0.68439496,0.5314471,0.69325495,0.6307599,0.6104828,0.47009933,0.50792146,0.5149959,0.3357886,0.23815581,0.48798966,0.6358577,0.6483192,0.40012982,0.5751193,0.5957727,0.63068825,0.57604325,0.67857116,0.56778395,0.69640774,0.71364176,0.6690661,0.6803761,0.53662634,0.713027,0.61952037,0.6256051,0.67393756,0.7456032,0.5021628,0.63081527,0.60305494
appfollow,0.4205402,0.55959505,0.5258508,0.56927264,0.5144914,0.37604472,0.43053612,0.5839117,1.0000002,0.34422025,0.53540635,0.47171316,0.38525903,0.2966782,0.5068431,0.53860694,0.44214168,0.55532587,0.5167005,0.40288296,0.39695203,0.46857423,0.57069457,0.593336,0.55496144,0.44847918,0.494268,0.48412427,0.44536662,0.2815392,0.41676557,0.5579686,0.38163483,0.26916695,0.4723293,0.38190305,0.51101273,0.503515,0.47682834,0.4736177,0.31622338,0.34503812,0.50956726,0.4320628,0.376301,0.4300569,0.3550638,0.53236187,0.46800667,0.43020195,0.4239394,0.36599752,0.5676073,0.4885955,0.5038409,0.22856915,0.47871083,0.31291345,0.26156157,0.13201322,0.38945878,0.49010247,0.45618367,0.17952868,0.33504665,0.5036813,0.5166124,0.37263167,0.5387621,0.33583802,0.50676954,0.5547621,0.56286407,0.49986908,0.3451155,0.5345868,0.47794628,0.46001548,0.57198274,0.5757227,0.3324914,0.5566875,0.4823364
asana,0.64548415,0.57271314,0.6367487,0.41134152,0.55095434,0.44021767,0.53983307,0.56084526,0.34422025,0.9999997,0.5754554,0.5177245,0.595127,0.5384806,0.4558503,0.5003833,0.4271366,0.57411814,0.5656433,0.48640636,0.49548286,0.57841617,0.35395277,0.63515764,0.6825408,0.5135937,0.5193087,0.48809722,0.5962282,0.57792795,0.5826299,0.6104523,0.639902,0.47940746,0.58849955,0.45052737,0.47320563,0.5455992,0.3942687,0.4220394,0.45913392,0.43389606,0.498871,0.38423708,0.68089986,0.47250527,0.49789795,0.47077006,0.7034113,0.65556264,0.52776194,0.65570295,0.56872,0.5282152,0.5249614,0.43137914,0.40447333,0.5539485,0.45307383,0.24592438,0.46367916,0.5298897,0.72478604,0.38423997,0.5947104,0.3498198,0.6087818,0.623767,0.6130833,0.48417318,0.4976094,0.6014855,0.5361091,0.57333386,0.52856964,0.6522348,0.5390327,0.6123918,0.5610991,0.48066115,0.49719054,0.5416976,0.5522575
assemblyai,0.5888475,0.6737965,0.56843686,0.5334858,0.574898,0.47863215,0.58020675,0.68537724,0.53540635,0.5754554,1.0000004,0.5186001,0.57736695,0.45230052,0.61059,0.56864655,0.48453772,0.66998154,0.5793673,0.43772018,0.4615528,0.56712663,0.57987475,0.659354,0.6387488,0.57584935,0.49717957,0.5340955,0.59325075,0.4333617,0.49166572,0.52915627,0.6054214,0.35380778,0.631781,0.45409477,0.42850512,0.5255003,0.54865456,0.52710795,0.47480947,0.4045224,0.6267116,0.44542503,0.5586797,0.6350461,0.5280298,0.5657022,0.5668075,0.57582444,0.5358539,0.5299802,0.6884872,0.56351984,0.61358804,0.35531947,0.50715005,0.4901814,0.2979911,0.19292414,0.38812557,0.56858003,0.60947406,0.29965097,0.4856618,0.5102373,0.5757686,0.53777933,0.6866399,0.58632636,0.63436276,0.7180468,0.62203944,0.59536225,0.51377,0.67708915,0.5187706,0.6015161,0.6184384,0.69767815,0.40199697,0.61630476,0.5492933
atlassian,0.52592206,0.5577718,0.59288925,0.51877,0.53280073,0.346923,0.47156167,0.5939125,0.47171316,0.5177245,0.5186001,1.0,0.49584746,0.4873389,0.45133233,0.58381355,0.5073675,0.580473,0.49925572,0.47817123,0.4908879,0.5300858,0.45888916,0.6375034,0.6090416,0.43883216,0.53085685,0.50012684,0.4996395,0.39720732,0.4563647,0.4734649,0.5881391,0.35437152,0.5112919,0.45288378,0.4881629,0.4654681,0.5777535,0.47594818,0.49359488,0.44274133,0.7067481,0.3723693,0.45207977,0.5160272,0.45209968,0.5467293,0.53506404,0.5593048,0.5164381,0.3898915,0.6100894,0.59797996,0.590788,0.3818779,0.31830627,0.47170287,0.36792782,0.22472113,0.36543232,0.5403496,0.5726036,0.23007914,0.48924994,0.47739005,0.690303,0.41159898,0.49802104,0.5012143,0.6554964,0.5915432,0.5850699,0.5955943,0.44708776,0.67178404,0.46725187,0.5560919,0.50339127,0.5890467,0.42992532,0.6153461,0.6608179
avoma,0.6241332,0.5267806,0.59666777,0.43446139,0.54400426,0.43973863,0.52708215,0.6179558,0.38525903,0.595127,0.57736695,0.49584746,1.0,0.5501318,0.4317875,0.5453836,0.43822426,0.55495226,0.59704006,0.5108588,0.5190702,0.5553608,0.3982763,0.6214714,0.6477889,0.56220937,0.5491439,0.41589314,0.5947676,0.47389323,0.48027706,0.5304622,0.6860746,0.5061003,0.56575245,0.48838836,0.39311352,0.49127507,0.40502635,0.39359426,0.42533454,0.49866664,0.5214428,0.37169206,0.57378733,0.5145339,0.52101994,0.4551637,0.5626532,0.60824645,0.5892184,0.50342304,0.6025816,0.53597426,0.5731365,0.40011805,0.37775686,0.5288962,0.39025986,0.18182853,0.42500424,0.58537245,0.65187657,0.42557162,0.57945144,0.41046405,0.5491741,0.51022935,0.6147631,0.58356243,0.5212514,0.5646758,0.5563079,0.5555649,0.50942767,0.63953817,0.5546528,0.65354097,0.56741095,0.43274125,0.48387462,0.55978286,0.48967618
awskendra,0.49959517,0.40626734,0.48140496,0.32640484,0.462869,0.32421505,0.45069206,0.5286007,0.2966782,0.5384806,0.45230052,0.4873389,0.5501318,1.0000002,0.4187416,0.49065316,0.4796118,0.464075,0.53460395,0.4549822,0.42483932,0.4518485,0.33365723,0.5250817,0.5539805,0.40723792,0.48827946,0.3628757,0.52323675,0.49290192,0.5112903,0.45448864,0.5715996,0.56632745,0.51207817,0.43612778,0.3623219,0.46638793,0.39558223,0.35889405,0.3136397,0.47826967,0.4702056,0.33304423,0.48284787,0.4885261,0.5045141,0.34421262,0.47207975,0.54559726,0.55387604,0.49751645,0.46931297,0.42040747,0.40241832,0.45148712,0.34917036,0.43130183,0.4809178,0.09310304,0.37136406,0.48271722,0.6443385,0.3311762,0.5338055,0.32651043,0.5193856,0.47069836,0.5544474,0.4508932,0.42593107,0.49109322,0.47859,0.44948733,0.41410416,0.58380955,0.57172453,0.5376837,0.43383852,0.39434636,0.38985896,0.5001534,0.43795055
blameless,0.534951,0.53639114,0.5181992,0.46339118,0.49101266,0.38135007,0.4507333,0.64746344,0.5068431,0.4558503,0.61059,0.45133233,0.4317875,0.4187416,1.0000001,0.55458254,0.43822685,0.63143396,0.493868,0.38450223,0.5171089,0.49743354,0.5536721,0.6059588,0.5606863,0.4519738,0.4664924,0.4557773,0.4884554,0.3863392,0.43907988,0.5357765,0.46011466,0.33211935,0.52155125,0.3862322,0.37786406,0.5282123,0.5417092,0.5100268,0.40778646,0.43332422,0.5840807,0.4387592,0.49094683,0.57327014,0.42385557,0.46547273,0.44631863,0.47709134,0.45775855,0.38295448,0.6023071,0.48513332,0.53466433,0.3148422,0.56857604,0.36412346,0.25316274,0.20777604,0.30866504,0.4542125,0.54202366,0.25114906,0.4886382,0.43087956,0.56469464,0.45456195,0.53678155,0.44927913,0.57109594,0.62043774,0.54205966,0.44072384,0.45118266,0.5674341,0.4615977,0.4890379,0.6163365,0.5794997,0.3754664,0.47723806,0.51766855
botpress,0.486813,0.5260164,0.55632377,0.536875,0.530173,0.41657892,0.49875706,0.6969686,0.53860694,0.5003833,0.56864655,0.58381355,0.5453836,0.49065316,0.55458254,1.0000001,0.55676216,0.5884423,0.534084,0.44052082,0.50029886,0.5603771,0.4816305,0.6516812,0.6566949,0.5377011,0.53012466,0.44141966,0.52243054,0.44425625,0.5652325,0.55875194,0.5828718,0.48192608,0.6090692,0.37853727,0.4565965,0.4708618,0.54562604,0.4848829,0.45943096,0.47326362,0.6178334,0.39795142,0.42566946,0.53368986,0.5235433,0.5014119,0.49913007,0.5130735,0.5747122,0.4180525,0.640452,0.57379735,0.58098584,0.40279114,0.47038096,0.46225235,0.2864769,0.20485714,0.39961582,0.5631814,0.5798015,0.25418982,0.49891952,0.5608161,0.6160422,0.45806226,0.54757345,0.5062576,0.6321369,0.6413287,0.6200615,0.60222894,0.4724417,0.640327,0.516041,0.60666573,0.5878171,0.5575906,0.35981727,0.6188438,0.5358071
box,0.45087597,0.48461646,0.5250481,0.44149458,0.43990895,0.3769322,0.47881973,0.58238953,0.44214168,0.4271366,0.48453772,0.5073675,0.43822426,0.4796118,0.43822685,0.55676216,0.9999999,0.48754585,0.55559754,0.49719915,0.44062394,0.4627902,0.43585306,0.6081116,0.5895512,0.5043158,0.5690284,0.39439335,0.49668443,0.44599396,0.5335976,0.5185726,0.53835166,0.41553414,0.53165317,0.3804571,0.4310016,0.4013257,0.5734434,0.44797373,0.41199932,0.45042667,0.5261746,0.3568458,0.43249342,0.5446259,0.47008964,0.5015429,0.42344922,0.46289843,0.587289,0.45846695,0.530177,0.5556581,0.43648246,0.35496098,0.35696945,0.42960835,0.28305608,0.26525143,0.5037842,0.52778333,0.5138985,0.23634613,0.45084786,0.4419384,0.48501974,0.4549188,0.4859839,0.4247837,0.5406807,0.59867346,0.54632884,0.5548164,0.38201493,0.62004715,0.5281878,0.5097211,0.55019426,0.46174842,0.46373332,0.51905847,0.58861005
breezy,0.61511546,0.74011075,0.7633929,0.518757,0.63586557,0.53571594,0.57280326,0.7347163,0.55532587,0.57411814,0.66998154,0.580473,0.55495226,0.464075,0.63143396,0.5884423,0.48754585,1.0,0.5742546,0.5142141,0.5302263,0.57622576,0.49145865,0.7745998,0.69329154,0.53108877,0.5369115,0.58434665,0.5810778,0.48300627,0.5350726,0.6712832,0.5758678,0.38112876,0.62221575,0.4620133,0.5313366,0.5740309,0.56823814,0.5055927,0.53558433,0.48581627,0.64471465,0.43981552,0.6037486,0.6425066,0.5581661,0.58291924,0.5832947,0.6225163,0.5717239,0.43176687,0.67227936,0.6300405,0.62305105,0.38138726,0.47817487,0.49306923,0.34525013,0.15072845,0.32525122,0.610137,0.62145567,0.3161065,0.55750173,0.53349566,0.60464346,0.5500001,0.63483596,0.5146461,0.6554754,0.72157824,0.66456634,0.7019743,0.45634103,0.6664473,0.5927596,0.5811682,0.6915473,0.6984484,0.52141035,0.66785794,0.6099946
buffer,0.6279286,0.60590196,0.6052202,0.4525899,0.54437673,0.5077958,0.6379567,0.67933863,0.5167005,0.5656433,0.5793673,0.49925572,0.59704006,0.53460395,0.493868,0.534084,0.55559754,0.5742546,0.99999976,0.5194597,0.57388574,0.54732764,0.44023204,0.68324107,0.65770614,0.58780026,0.65525484,0.46677154,0.56313723,0.49133277,0.544484,0.550757,0.5999515,0.4427944,0.5540056,0.428879,0.42823768,0.56792927,0.49467567,0.5011386,0.46184614,0.49652153,0.5690828,0.4726804,0.5635322,0.5886346,0.5604261,0.5084495,0.5987679,0.5724121,0.6337978,0.58706534,0.6406159,0.58317584,0.5644454,0.3443293,0.41017213,0.5659577,0.38908276,0.1954774,0.4222901,0.6265986,0.6417275,0.26219317,0.5500889,0.5722064,0.5873674,0.574103,0.67088205,0.47518158,0.5261916,0.6559385,0.587546,0.6733116,0.5392245,0.68559015,0.5843591,0.6358857,0.61589706,0.53501964,0.4599762,0.5906099,0.56979716
canva,0.44667366,0.46963197,0.5069652,0.3647443,0.40522146,0.41956943,0.47784197,0.5848537,0.40288296,0.48640636,0.43772018,0.47817123,0.5108588,0.4549822,0.38450223,0.44052082,0.49719915,0.5142141,0.5194597,1.0000002,0.50283146,0.49497223,0.32014382,0.53828216,0.5328881,0.50688356,0.5770967,0.37917835,0.47205263,0.429574,0.37589347,0.45915473,0.53017926,0.5029181,0.4550533,0.3586287,0.3374473,0.4627878,0.42791665,0.32133108,0.3607971,0.4163742,0.46784753,0.37925047,0.45391136,0.4655788,0.42130432,0.44622883,0.42737925,0.49342364,0.54863507,0.45247,0.42843658,0.44733286,0.4604386,0.3043806,0.32056367,0.4023534,0.38643253,0.2774034,0.28443187,0.50695515,0.5081727,0.35105902,0.4575184,0.38798314,0.47824275,0.38748938,0.4559138,0.40709466,0.4908458,0.48922127,0.46284592,0.48386934,0.37338945,0.5647707,0.59327924,0.48077643,0.49239814,0.43665498,0.3837887,0.5062473,0.5112596
caspio,0.58883786,0.4703189,0.51448,0.3918801,0.53703195,0.34680784,0.52981323,0.56528294,0.39695203,0.49548286,0.4615528,0.4908879,0.5190702,0.42483932,0.5171089,0.50029886,0.44062394,0.5302263,0.57388574,0.50283146,1.0000002,0.43425468,0.40586346,0.5903013,0.50905216,0.4964767,0.5461867,0.34976688,0.5508806,0.48417878,0.49707735,0.52754843,0.58407557,0.48611954,0.512244,0.43910265,0.3304659,0.34319454,0.39712587,0.37979722,0.35224158,0.47051418,0.46010658,0.38201672,0.53359145,0.5565143,0.4466551,0.397339,0.46785945,0.52080613,0.5469279,0.46602386,0.46225262,0.42477894,0.52013046,0.35314,0.44118744,0.40947083,0.39405265,0.14770544,0.29235208,0.43542922,0.5867163,0.3025195,0.5503886,0.3692887,0.5211718,0.5114701,0.5220561,0.43467438,0.47095615,0.5294272,0.4539098,0.4385442,0.49051234,0.58137214,0.5796963,0.494331,0.56816083,0.4219604,0.40018934,0.4872014,0.4270202
clarifai,0.5339273,0.57927406,0.5982421,0.4134946,0.54533535,0.41350383,0.56849635,0.6321663,0.46857423,0.57841617,0.56712663,0.5300858,0.5553608,0.4518485,0.49743354,0.5603771,0.4627902,0.57622576,0.54732764,0.49497223,0.43425468,0.99999976,0.44274354,0.64096385,0.6425241,0.5910133,0.55738723,0.4686572,0.49761847,0.4112258,0.515333,0.5353103,0.58861786,0.37234086,0.5775071,0.41611564,0.5049617,0.5361316,0.46587396,0.43225735,0.39335823,0.48212194,0.5824433,0.4684918,0.49534634,0.48534605,0.47752765,0.49739408,0.5560105,0.54081726,0.50973636,0.5279298,0.5338563,0.54309124,0.56765306,0.34464246,0.40588588,0.4837981,0.31322694,0.20179704,0.48554385,0.56889814,0.5677394,0.33231705,0.5004258,0.493127,0.5654582,0.5547153,0.53531563,0.5598065,0.52546346,0.63147056,0.58123314,0.61443,0.3721657,0.5957484,0.5725551,0.5732916,0.5813843,0.51616967,0.47892138,0.5478417,0.5664479
cledara,0.4143625,0.4842838,0.44568196,0.4898194,0.5293368,0.3704287,0.47051725,0.6112826,0.57069457,0.35395277,0.57987475,0.45888916,0.3982763,0.33365723,0.5536721,0.4816305,0.43585306,0.49145865,0.44023204,0.32014382,0.40586346,0.44274354,0.9999998,0.55164826,0.46647382,0.39536697,0.43392962,0.44695848,0.43560845,0.23065366,0.33135343,0.5218034,0.4323855,0.24473782,0.5439873,0.42798543,0.4002025,0.43577683,0.42660037,0.47791255,0.41193885,0.42757517,0.53201395,0.44889927,0.44124597,0.45204777,0.35145977,0.45854384,0.35357517,0.4753074,0.47329444,0.3557147,0.5183399,0.4483689,0.4909743,0.28451365,0.5185834,0.3544877,0.26468843,0.13560106,0.41574246,0.41167945,0.46881387,0.33576638,0.33019233,0.39038303,0.43395555,0.3706469,0.50646406,0.38151127,0.5570121,0.4596296,0.49536103,0.4006245,0.4203987,0.4908387,0.3701819,0.4165361,0.4870758,0.6257655,0.315822,0.43991536,0.46375775
clevertap,0.6239215,0.7573381,0.7210729,0.54273665,0.6775416,0.54589504,0.61803865,0.768394,0.593336,0.63515764,0.659354,0.6375034,0.6214714,0.5250817,0.6059588,0.6516812,0.6081116,0.7745998,0.68324107,0.53828216,0.5903013,0.64096385,0.55164826,0.9999999,0.73087466,0.56071854,0.6145699,0.570791,0.66631997,0.49623543,0.6219466,0.6880177,0.6503141,0.50778824,0.6852492,0.5207082,0.52513754,0.5950181,0.5830321,0.5622039,0.54633355,0.5462316,0.66944385,0.5130759,0.60198534,0.61731994,0.563867,0.618711,0.6147846,0.7310909,0.6410501,0.5142001,0.73836935,0.64479333,0.6532053,0.4935658,0.5290626,0.58341414,0.44632608,0.2510464,0.406547,0.5938926,0.7406241,0.365794,0.6141181,0.53740275,0.6415012,0.61334586,0.72154045,0.4768325,0.684681,0.7352971,0.73036003,0.69443053,0.48247886,0.72530556,0.6332748,0.6355451,0.7087436,0.738727,0.5754268,0.6662468,0.6777551
clickup,0.7313236,0.6712577,0.7507621,0.46717614,0.6450401,0.48811656,0.5653479,0.71349704,0.55496144,0.6825408,0.6387488,0.6090416,0.6477889,0.5539805,0.5606863,0.6566949,0.5895512,0.69329154,0.65770614,0.5328881,0.50905216,0.6425241,0.46647382,0.73087466,0.9999999,0.60565364,0.5876593,0.52004004,0.5909116,0.53968817,0.64643455,0.63432366,0.659279,0.5067912,0.59702754,0.49894816,0.5090226,0.62926877,0.5538466,0.4584911,0.5744889,0.55203676,0.65250665,0.45372713,0.5877049,0.61011016,0.58393,0.5280571,0.6244657,0.65503377,0.64498514,0.58128095,0.6985148,0.6173222,0.6140142,0.38612318,0.4615339,0.5516566,0.42972815,0.16971734,0.45225424,0.7145041,0.66557074,0.3431918,0.59593207,0.602671,0.6581876,0.63390774,0.6628535,0.575686,0.62404156,0.7413068,0.64207023,0.6780051,0.6032908,0.7200092,0.67791796,0.67931277,0.67451394,0.57953167,0.49374795,0.6566758,0.6108322
codecademy,0.6105901,0.54262197,0.5387566,0.4731696,0.5666983,0.49205858,0.5007632,0.61322653,0.44847918,0.5135937,0.57584935,0.43883216,0.56220937,0.40723792,0.4519738,0.5377011,0.5043158,0.53108877,0.58780026,0.50688356,0.4964767,0.5910133,0.39536697,0.56071854,0.60565364,1.0,0.58053833,0.4746585,0.503654,0.3456641,0.48943642,0.4913302,0.5500678,0.3392321,0.5078634,0.4607798,0.45579514,0.5767575,0.36518764,0.4463718,0.4018064,0.46573865,0.57470644,0.4698546,0.43927413,0.5279352,0.52375764,0.47707337,0.5220961,0.44873095,0.5868858,0.541569,0.5700186,0.57628256,0.6234323,0.37741494,0.3914575,0.49227142,0.21462578,0.18609926,0.4079097,0.62475,0.5307127,0.3898525,0.5101769,0.45184577,0.49752232,0.5100376,0.5244611,0.52294475,0.5258823,0.5578981,0.57628274,0.57371587,0.48297864,0.62890226,0.46655726,0.5992907,0.53072464,0.46588534,0.42792088,0.5365947,0.5440435
cohere,0.59909177,0.50078034,0.5651729,0.44300526,0.5083313,0.42217383,0.6129756,0.67345047,0.494268,0.5193087,0.49717957,0.53085685,0.5491439,0.48827946,0.4664924,0.53012466,0.5690284,0.5369115,0.65525484,0.5770967,0.5461867,0.55738723,0.43392962,0.6145699,0.5876593,0.58053833,1.0,0.47147176,0.6340626,0.49367118,0.5139599,0.5511486,0.57579565,0.4720631,0.56051,0.4508755,0.39673376,0.4799341,0.50011545,0.4406842,0.41466305,0.4581483,0.5719626,0.4317652,0.6068742,0.5237202,0.50145143,0.56082904,0.49921465,0.54064727,0.6182792,0.5461731,0.53418916,0.549472,0.5568242,0.31567132,0.35419822,0.4219183,0.3197822,0.21545035,0.45395696,0.58573747,0.6269269,0.32743955,0.56891257,0.47296658,0.58418393,0.51445156,0.51430136,0.48557448,0.5535265,0.57798326,0.5412666,0.5566606,0.48369515,0.6551566,0.59328675,0.5246592,0.57116914,0.5159296,0.47610736,0.53259003,0.6048846
constantcontact,0.44335806,0.6058829,0.4849312,0.41578794,0.4972294,0.40010166,0.41468287,0.58879423,0.48412427,0.48809722,0.5340955,0.50012684,0.41589314,0.3628757,0.4557773,0.44141966,0.39439335,0.58434665,0.46677154,0.37917835,0.34976688,0.4686572,0.44695848,0.570791,0.52004004,0.4746585,0.47147176,0.9999999,0.4804075,0.2959223,0.39122415,0.47413018,0.49757278,0.26030475,0.55537736,0.3335399,0.3897034,0.5113801,0.46500194,0.46492487,0.37838596,0.42476535,0.6165103,0.40157622,0.44162518,0.44204414,0.4282059,0.4843805,0.50855577,0.46348903,0.47797912,0.35350832,0.5554433,0.48353654,0.5085311,0.3371336,0.37107757,0.42299953,0.29562008,0.17507255,0.32108974,0.5172753,0.53435504,0.3394571,0.43417275,0.37355468,0.52489984,0.4318964,0.5463532,0.4725327,0.5578038,0.55630994,0.59926814,0.52947277,0.36871517,0.56079733,0.35952008,0.48054042,0.53313017,0.5672054,0.4329865,0.54606974,0.535085
coschedule,0.6757088,0.5431889,0.52188367,0.4556083,0.5008769,0.3768069,0.496194,0.5939326,0.44536662,0.5962282,0.59325075,0.4996395,0.5947676,0.52323675,0.4884554,0.52243054,0.49668443,0.5810778,0.56313723,0.47205263,0.5508806,0.49761847,0.43560845,0.66631997,0.5909116,0.503654,0.6340626,0.4804075,0.9999999,0.50897586,0.5030613,0.58744717,0.6223561,0.5546169,0.5688004,0.5026559,0.36734396,0.4875674,0.4272473,0.4832822,0.41745418,0.498267,0.51146686,0.41449082,0.648672,0.5299225,0.47009388,0.53891027,0.57983,0.64236593,0.5874877,0.5230294,0.59347934,0.54592097,0.5119173,0.37793237,0.41701722,0.45261538,0.45211554,0.12761177,0.3081127,0.45971352,0.7096579,0.45840055,0.60747564,0.3521632,0.5654794,0.5042181,0.5642693,0.40190613,0.5280613,0.5978308,0.5952615,0.550063,0.52904046,0.64422864,0.54561204,0.56333673,0.5872267,0.5012561,0.47114888,0.5925524,0.5211424
couchbase,0.5450264,0.50715554,0.5325239,0.27850652,0.44601458,0.28925562,0.40698653,0.49179918,0.2815392,0.57792795,0.4333617,0.39720732,0.47389323,0.49290192,0.3863392,0.44425625,0.44599396,0.48300627,0.49133277,0.429574,0.48417878,0.4112258,0.23065366,0.49623543,0.53968817,0.3456641,0.49367118,0.2959223,0.50897586,1.0000001,0.5524647,0.44157624,0.5481228,0.49260992,0.4969955,0.4078617,0.33601922,0.38896105,0.3835401,0.32886988,0.38956988,0.4491691,0.3952697,0.29747802,0.5741715,0.45234624,0.40748882,0.366804,0.5477314,0.5970925,0.5235743,0.49047118,0.4250744,0.45906296,0.33787268,0.27586398,0.21486868,0.5165613,0.449542,0.12564811,0.34126848,0.4098314,0.64285904,0.30011922,0.49593753,0.37007743,0.49191636,0.5121474,0.5292835,0.42138344,0.41298562,0.51118344,0.4365607,0.43884647,0.43360788,0.54837,0.5860342,0.47619796,0.45645565,0.35384715,0.45014495,0.4784331,0.41357586
databricks,0.5187803,0.46544254,0.56823725,0.36902457,0.46465296,0.3775731,0.5253545,0.61224604,0.41676557,0.5826299,0.49166572,0.4563647,0.48027706,0.5112903,0.43907988,0.5652325,0.5335976,0.5350726,0.544484,0.37589347,0.49707735,0.515333,0.33135343,0.6219466,0.64643455,0.48943642,0.5139599,0.39122415,0.5030613,0.5524647,0.9999997,0.52802134,0.5237324,0.4394805,0.5575599,0.46255013,0.42714217,0.48675126,0.53191566,0.39039052,0.42328656,0.5091096,0.47502524,0.34381312,0.52325976,0.60133505,0.5903535,0.4224856,0.53405446,0.5574329,0.6168177,0.5322809,0.5799762,0.5038437,0.44557893,0.3916782,0.3527387,0.5074394,0.37359732,0.22008464,0.4235805,0.49755305,0.57524025,0.35256985,0.4955374,0.49574924,0.48503384,0.5579488,0.5416288,0.41872638,0.48635095,0.58617884,0.5675539,0.5591436,0.46784618,0.6086003,0.5629793,0.54525083,0.54357135,0.44295055,0.4172995,0.5381156,0.48174435
deel,0.5779828,0.56258875,0.64577097,0.43023014,0.5569712,0.3905357,0.5240289,0.6691617,0.5579686,0.6104523,0.52915627,0.4734649,0.5304622,0.45448864,0.5357765,0.55875194,0.5185726,0.6712832,0.550757,0.45915473,0.52754843,0.5353103,0.5218034,0.6880177,0.63432366,0.4913302,0.5511486,0.47413018,0.58744717,0.44157624,0.52802134,1.0000004,0.51123816,0.40351057,0.5816436,0.4571571,0.47741765,0.47487226,0.4794221,0.46292445,0.38783664,0.51246345,0.55341125,0.4270088,0.60435545,0.5287277,0.49625307,0.56916475,0.5168313,0.56877184,0.5959009,0.475026,0.5563018,0.57017887,0.5055178,0.40005046,0.48021972,0.45028192,0.41652432,0.20212045,0.42856687,0.47044915,0.61873573,0.34021372,0.57588005,0.47778422,0.60740066,0.5621219,0.5626659,0.40067223,0.55958724,0.604105,0.53449285,0.6262167,0.49806023,0.5791737,0.53318053,0.5337095,0.6704996,0.56430495,0.469237,0.5598079,0.54368055
deepbrain,0.6580633,0.5914132,0.626292,0.45739627,0.51175535,0.5056251,0.48768508,0.5872934,0.38163483,0.639902,0.6054214,0.5881391,0.6860746,0.5715996,0.46011466,0.5828718,0.53835166,0.5758678,0.5999515,0.53017926,0.58407557,0.58861786,0.4323855,0.6503141,0.659279,0.5500678,0.57579565,0.49757278,0.6223561,0.5481228,0.5237324,0.51123816,0.9999999,0.61638826,0.6729742,0.43461895,0.41949052,0.5059645,0.49014974,0.4026702,0.47813123,0.48836845,0.5923096,0.4066583,0.65116084,0.52970517,0.49029306,0.5218579,0.5875144,0.6828961,0.67259,0.6018468,0.59694254,0.5325906,0.57205933,0.3778071,0.35728908,0.56669617,0.4262194,0.19142723,0.45108995,0.6424187,0.70472944,0.43392402,0.6054976,0.40371975,0.625027,0.5377348,0.5929599,0.74314773,0.57795584,0.6601256,0.5917946,0.5485116,0.5554187,0.74093354,0.62147987,0.69300497,0.5245362,0.51205474,0.47204262,0.59848833,0.62050515
deepgram,0.48516622,0.323431,0.44655007,0.25686246,0.402259,0.2859913,0.37088278,0.42605212,0.26916695,0.47940746,0.35380778,0.35437152,0.5061003,0.56632745,0.33211935,0.48192608,0.41553414,0.38112876,0.4427944,0.5029181,0.48611954,0.37234086,0.24473782,0.50778824,0.5067912,0.3392321,0.4720631,0.26030475,0.5546169,0.49260992,0.4394805,0.40351057,0.61638826,1.0000002,0.44659406,0.380965,0.25963688,0.35164142,0.2858352,0.32164294,0.3086601,0.41164684,0.4215421,0.28019273,0.51114476,0.3780508,0.4097978,0.3084214,0.40820312,0.5221373,0.52804595,0.4798401,0.38834968,0.39554608,0.39703563,0.35807827,0.29952687,0.43597686,0.5009707,0.10794948,0.28071833,0.36378193,0.5606421,0.30762976,0.5231725,0.29747206,0.4253258,0.35251188,0.43343598,0.3540243,0.38391465,0.39778388,0.40040854,0.3764818,0.3562097,0.5098522,0.54647046,0.47265542,0.40839738,0.31345525,0.32872045,0.4140427,0.35631204
edenai,0.5045308,0.6626246,0.6120237,0.4339214,0.55233157,0.47295377,0.57519025,0.70664203,0.4723293,0.58849955,0.631781,0.5112919,0.56575245,0.51207817,0.52155125,0.6090692,0.53165317,0.62221575,0.5540056,0.4550533,0.512244,0.5775071,0.5439873,0.6852492,0.59702754,0.5078634,0.56051,0.55537736,0.5688004,0.4969955,0.5575599,0.5816436,0.6729742,0.44659406,1.0000002,0.46063662,0.5258289,0.5100083,0.49690402,0.53431916,0.35712332,0.48900738,0.57835203,0.3904711,0.6030941,0.6044023,0.5485623,0.55901027,0.5860572,0.6536917,0.6115309,0.5177765,0.56960076,0.5471921,0.5180541,0.3670566,0.45220903,0.47735798,0.36940944,0.22571337,0.533779,0.61982954,0.65538484,0.34939718,0.55614203,0.42412823,0.55387115,0.58784384,0.65353763,0.61283445,0.5995621,0.6631315,0.6024276,0.57788765,0.4586486,0.63893086,0.595744,0.5374912,0.5459567,0.6365982,0.44274548,0.5625932,0.5293114
elementor,0.4790197,0.4430557,0.45802754,0.35974813,0.55088156,0.3187769,0.42020023,0.5170547,0.38190305,0.45052737,0.45409477,0.45288378,0.48838836,0.43612778,0.3862322,0.37853727,0.3804571,0.4620133,0.428879,0.3586287,0.43910265,0.41611564,0.42798543,0.5207082,0.49894816,0.4607798,0.4508755,0.3335399,0.5026559,0.4078617,0.46255013,0.4571571,0.43461895,0.380965,0.46063662,1.0000001,0.3152735,0.41166645,0.3647247,0.4038351,0.28323883,0.38688672,0.4352548,0.3178942,0.43923682,0.47250134,0.45141292,0.41281897,0.47611296,0.4844409,0.4704569,0.4408192,0.45937723,0.44999626,0.4420494,0.32885623,0.41606906,0.48638743,0.29895884,0.13065171,0.35793886,0.4100511,0.52454114,0.37154734,0.47142804,0.34053582,0.4404993,0.47239524,0.50679576,0.39175618,0.5218527,0.45897928,0.45017892,0.3832944,0.40693137,0.5314107,0.56306124,0.48594832,0.40648174,0.43153155,0.44848558,0.5203179,0.40673006
employment-hero,0.3861764,0.48519656,0.5517254,0.43179563,0.43293154,0.3716671,0.385059,0.491835,0.51101273,0.47320563,0.42850512,0.4881629,0.39311352,0.3623219,0.37786406,0.4565965,0.4310016,0.5313366,0.42823768,0.3374473,0.3304659,0.5049617,0.4002025,0.52513754,0.5090226,0.45579514,0.39673376,0.3897034,0.36734396,0.33601922,0.42714217,0.47741765,0.41949052,0.25963688,0.5258289,0.3152735,1.0000001,0.510981,0.42595404,0.34525174,0.36035323,0.44236296,0.48321742,0.3036082,0.39022183,0.4025495,0.3683292,0.5020607,0.47247958,0.43790728,0.40747523,0.4181534,0.45613682,0.47720724,0.47088373,0.3677108,0.27691588,0.36815375,0.18663609,0.27231434,0.43637365,0.49217945,0.4421528,0.20914663,0.31711316,0.35861474,0.54855704,0.43283322,0.43911743,0.38037348,0.44136876,0.4650179,0.44259346,0.56387293,0.3205246,0.50292873,0.47130322,0.47725594,0.53696066,0.48884833,0.3316611,0.53521097,0.4619605
evernote,0.58817357,0.5542714,0.544168,0.47968835,0.5053881,0.48025936,0.38382274,0.5873704,0.503515,0.5455992,0.5255003,0.4654681,0.49127507,0.46638793,0.5282123,0.4708618,0.4013257,0.5740309,0.56792927,0.4627878,0.34319454,0.5361316,0.43577683,0.5950181,0.62926877,0.5767575,0.4799341,0.5113801,0.4875674,0.38896105,0.48675126,0.47487226,0.5059645,0.35164142,0.5100083,0.41166645,0.510981,1.0000002,0.45754635,0.44687158,0.43023533,0.39783636,0.5741978,0.39183885,0.4823953,0.5522413,0.46501285,0.5112864,0.5564867,0.49952835,0.54389966,0.4623847,0.55492127,0.5714388,0.5132274,0.3347668,0.44597456,0.42244676,0.33207822,0.17526859,0.40050593,0.61228985,0.5476059,0.29145622,0.3923697,0.41247827,0.5901089,0.43022054,0.5648985,0.4742001,0.4687878,0.5693883,0.5775405,0.5401201,0.42731938,0.57250255,0.44165045,0.53243655,0.5538744,0.5248292,0.35816717,0.5576755,0.58418524
flatfile,0.4044895,0.49748623,0.51853085,0.48691487,0.4194743,0.37257555,0.47305614,0.6265031,0.47682834,0.3942687,0.54865456,0.5777535,0.40502635,0.39558223,0.5417092,0.54562604,0.5734434,0.56823814,0.49467567,0.42791665,0.39712587,0.46587396,0.42660037,0.5830321,0.5538466,0.36518764,0.50011545,0.46500194,0.4272473,0.3835401,0.53191566,0.4794221,0.49014974,0.2858352,0.49690402,0.3647247,0.42595404,0.45754635,0.99999994,0.4014159,0.41897485,0.42032933,0.58774465,0.32826942,0.3825788,0.6063697,0.40898877,0.5096101,0.44834197,0.39465213,0.49669278,0.3236604,0.60626733,0.5073683,0.47584623,0.34761012,0.33278227,0.39728063,0.23705027,0.20056239,0.37229347,0.49580058,0.46440363,0.15074813,0.4019555,0.52775526,0.5575679,0.36672294,0.48865357,0.46543756,0.606316,0.6046146,0.5196275,0.5144912,0.397398,0.60947156,0.48233265,0.48915124,0.54121447,0.5921415,0.39782512,0.5327499,0.5537367
getresponse,0.35595387,0.46390873,0.4358005,0.43603426,0.47524583,0.38901523,0.38197857,0.5916977,0.4736177,0.4220394,0.52710795,0.47594818,0.39359426,0.35889405,0.5100268,0.4848829,0.44797373,0.5055927,0.5011386,0.32133108,0.37979722,0.43225735,0.47791255,0.5622039,0.4584911,0.4463718,0.4406842,0.46492487,0.4832822,0.32886988,0.39039052,0.46292445,0.4026702,0.32164294,0.53431916,0.4038351,0.34525174,0.44687158,0.4014159,1.0,0.35501003,0.30397856,0.55771595,0.40589446,0.35125363,0.4602819,0.48151433,0.43596452,0.45057705,0.46291977,0.49340522,0.37610978,0.5094977,0.52902377,0.49308038,0.36727476,0.48309433,0.4101953,0.2744082,0.19888079,0.34003618,0.41544312,0.45484704,0.1935542,0.4168417,0.3668175,0.49306124,0.37551403,0.5071695,0.3317816,0.56036454,0.48416895,0.5999409,0.46838242,0.3525545,0.48218417,0.3972797,0.44015753,0.46787506,0.5232556,0.36000982,0.5012493,0.516971
getshogun,0.517137,0.4302962,0.5331112,0.3309694,0.41710886,0.4360118,0.4241829,0.510566,0.31622338,0.45913392,0.47480947,0.49359488,0.42533454,0.3136397,0.40778646,0.45943096,0.41199932,0.53558433,0.46184614,0.3607971,0.35224158,0.39335823,0.41193885,0.54633355,0.5744889,0.4018064,0.41466305,0.37838596,0.41745418,0.38956988,0.42328656,0.38783664,0.47813123,0.3086601,0.35712332,0.28323883,0.36035323,0.43023533,0.41897485,0.35501003,1.0000001,0.39487103,0.45630646,0.36591017,0.48093224,0.4159417,0.43152583,0.38773122,0.39641345,0.43070346,0.427908,0.41608667,0.506527,0.47517395,0.52349246,0.37668332,0.33023944,0.3866309,0.31357834,0.11083589,0.3082525,0.48644724,0.4211624,0.35116053,0.3778477,0.4487202,0.48513496,0.4092043,0.46648806,0.43723887,0.4658873,0.52758956,0.4938295,0.4826909,0.42185053,0.54476136,0.4092187,0.48610264,0.4597069,0.4884027,0.467263,0.45314226,0.5173098
github,0.52176464,0.4540203,0.48639658,0.27698198,0.46985155,0.34361562,0.45394906,0.6083592,0.34503812,0.43389606,0.4045224,0.44274133,0.49866664,0.47826967,0.43332422,0.47326362,0.45042667,0.48581627,0.49652153,0.4163742,0.47051418,0.48212194,0.42757517,0.5462316,0.55203676,0.46573865,0.4581483,0.42476535,0.498267,0.4491691,0.5091096,0.51246345,0.48836845,0.41164684,0.48900738,0.38688672,0.44236296,0.39783636,0.42032933,0.30397856,0.39487103,1.0000002,0.50830424,0.36857283,0.48732278,0.3875523,0.3668198,0.37847468,0.41905653,0.504276,0.58119786,0.435909,0.4677741,0.48410073,0.4023952,0.4472894,0.28382355,0.3926558,0.3296999,0.16180775,0.3221119,0.407358,0.6049682,0.38036692,0.55906,0.398318,0.5235416,0.4942596,0.52270126,0.35677168,0.55502737,0.47685346,0.46703684,0.5836817,0.40491486,0.5650883,0.48741895,0.47251955,0.48547068,0.47274405,0.59529334,0.48163247,0.4320572
goto,0.5594711,0.6438378,0.6225741,0.536738,0.635905,0.44717407,0.47055107,0.70386744,0.50956726,0.498871,0.6267116,0.7067481,0.5214428,0.4702056,0.5840807,0.6178334,0.5261746,0.64471465,0.5690828,0.46784753,0.46010658,0.5824433,0.53201395,0.66944385,0.65250665,0.57470644,0.5719626,0.6165103,0.51146686,0.3952697,0.47502524,0.55341125,0.5923096,0.4215421,0.57835203,0.4352548,0.48321742,0.5741978,0.58774465,0.55771595,0.45630646,0.50830424,1.0,0.45497045,0.45258927,0.55450296,0.5260908,0.570653,0.55537647,0.51466835,0.563357,0.42944717,0.6957027,0.65329903,0.6596049,0.40144533,0.392381,0.48803088,0.34015855,0.19656494,0.34528643,0.5835333,0.5784971,0.24011675,0.5253277,0.54172134,0.70623076,0.4543636,0.52869904,0.52478886,0.733526,0.6447135,0.7176479,0.63893515,0.4341721,0.6946367,0.41133755,0.5587385,0.6135125,0.7179612,0.4151961,0.616125,0.73457474
grammarly,0.35942483,0.46675545,0.46865985,0.4159307,0.43466303,0.38854825,0.42060483,0.5236576,0.4320628,0.38423708,0.44542503,0.3723693,0.37169206,0.33304423,0.4387592,0.39795142,0.3568458,0.43981552,0.4726804,0.37925047,0.38201672,0.4684918,0.44889927,0.5130759,0.45372713,0.4698546,0.4317652,0.40157622,0.41449082,0.29747802,0.34381312,0.4270088,0.4066583,0.28019273,0.3904711,0.3178942,0.3036082,0.39183885,0.32826942,0.40589446,0.36591017,0.36857283,0.45497045,1.0,0.3851846,0.38773555,0.37942663,0.4020784,0.4252404,0.4050972,0.52594364,0.42212063,0.47366124,0.50705516,0.4613213,0.23745887,0.34934196,0.34052873,0.2240378,0.15598598,0.25971088,0.39716572,0.46753895,0.28858486,0.37201703,0.38419318,0.46090645,0.39152688,0.43897724,0.35274595,0.5302113,0.4427693,0.54033476,0.46700862,0.29548752,0.45718974,0.45335042,0.41164508,0.41993016,0.48401895,0.3224421,0.34598815,0.44163463
